episode:1, reward: -100, mean reward: -2.15, score: -142, epsilon: 0.8981603270320687
episode:2, reward: -100, mean reward: -11.2, score: -112, epsilon: 0.8978776540378411
episode:3, reward: -100, mean reward: -3.85, score: -127, epsilon: 0.8969455013963443
episode:4, reward: -100, mean reward: -0.79, score: -59, epsilon: 0.8948307821433359
